16
79.3090574433719 6.007398400756711 2.1331712410432537 2.4763047721814324 7.517458650067916 5.419515153402284 9.565105252571065 1.8424060900974693 0.008408757588104221 6.329650772853611 9.763700995348971 9.296503778030441 9.96527174978634 2.3688073912822336 2.3751813282394574 2.122071227480564 
5.29054383247111 87.98150799664275 2.2720873476444545 3.9701174252660723 4.5576265206850985 5.937487122645644 8.112048977385182 8.796467808744545 3.4749702428919216 1.9187487687324678 9.778977785537675 4.170985514400877 6.399411558135957 6.252199055015431 3.366900724880323 8.08774103707149 
0.4309807141271127 2.6416573316878167 89.72641850715618 7.030973602941112 1.4710993866729127 0.6569879589525551 4.336201146394001 8.815788537639863 8.171084028820296 8.941281346609708 4.184685602027467 6.698843798364064 7.395571159574318 5.888508933106545 8.187932602597314 0.7503655319952918 
7.759168192926802 9.637972938978065 3.7079396980429813 87.3646619901961 1.1606378878686974 6.69148050254484 3.4855450609272154 3.536402280143567 0.8751268512747545 9.683962896757413 6.350009360358218 6.180640466836634 9.04029885511554 2.260691685270028 2.9567949475760633 5.013765297912455 
0.07513375670099132 0.8612926943841781 4.7598928639212 8.119807913049662 73.58809839663948 8.717813893175304 9.68379617080893 8.339013241039732 0.34867458254783323 7.964680364867952 0.043652822680775305 4.197040035756482 2.025203910066886 1.2086511195142546 6.795849101734623 6.218928723172882 
8.702721465094715 8.007555405726073 8.804645318844031 5.336120506142877 2.678538898487446 97.77905417807641 8.389648726969265 8.324378037587476 8.75302305642893 4.513256309239241 1.3939775716226888 0.7670080540659652 7.626350513043482 5.376648062870867 5.1260015989179974 4.744825939720566 
3.689094583271583 0.35713245474154887 5.877535007222047 1.8371397824337043 7.3183849499047735 0.48257061438783944 63.89665787010493 7.707042711221367 7.074215474562201 0.21338718123832257 2.1393208860477744 1.3997346006179057 0.33376676120570603 4.366387240447091 5.2581017109890515 6.126469340449155 
9.65666496918422 5.7740678111002905 4.967700929425406 3.056625344405922 0.8726919354413842 9.695838280551945 0.5367464057381777 91.015716289866 4.025094463301119 8.765146083555319 6.293817502682027 7.5471171095004665 6.403806421253283 4.331802316419241 3.324841068967884 5.123317929944876 
8.860535042478848 6.770023535461688 6.5493012721892665 3.9131749146992734 6.33481169031765 3.3486184601566062 5.079401280153534 0.48007870288904964 94.13987423594811 7.037751343496732 5.140922631824324 6.17694441982591 7.307556455799316 2.8050231149248495 4.35792775644376 5.174048254194515 
0.6797361616555209 6.9485162185314024 4.683244677059347 6.803960267124111 0.05662010540463114 6.5739853602474305 2.7647707522001452 9.292901524905727 9.179899990088051 88.08371778364783 3.2236689423523512 3.8895081140319707 8.708992071476079 4.713817625850182 5.96852505272225 7.536600660208725 
6.535227755743298 5.245034032491103 9.768350467331514 6.641641457985808 8.26016666128824 8.200698918738164 9.409725311592233 5.234445935502153 0.034022618874357535 2.382895430953418 86.6497024383 4.388219404717083 3.107941052198199 0.7204476600173271 1.4652699037745842 4.843360008195672 
8.868434363349651 1.7956673703604464 3.797023508372346 1.810225347440727 9.085617685240004 8.418504022281862 5.120697018759623 2.6554223635723337 2.202216386932828 3.6520399044350373 9.14031576291621 94.85968362722683 8.041616623572649 8.16584379204723 4.570831134242216 2.4764233908028874 
9.412225264430266 8.16422582411956 3.8086893519512968 6.553099753167169 4.016884995443655 7.784590201377189 8.635727878149273 1.7071221770185385 9.346360323477095 7.410708328201958 0.4031510352113532 9.983670255869542 101.41805937720945 4.823153527725884 1.9153157589735947 8.038681927611991 
3.461995250532043 2.5828317977650164 9.331918986819899 5.915993212806498 8.470418148215105 3.957594666561197 6.826445013037725 0.3718359009079508 7.664278957921985 5.922553275051955 1.2792296215567844 5.915872382247631 8.920916070743724 89.04548857366795 1.8210176877133233 8.054574004544444 
3.960852497691627 9.768247473306703 1.1168452292337394 1.3746847371214788 3.916697960707004 2.1443502735993714 3.478157297236394 2.151058385198703 0.9986187098370602 6.027211781696062 6.350423131718631 4.040758716724634 6.3723270731159944 6.17627445393659 72.83277507015704 4.768733839751002 
1.85245270330322 7.0076288432956755 2.2142034079620974 3.509674685993077 5.833154621034707 4.237816430830207 5.569799311794644 7.274623320195967 5.275990682060737 5.7138441206620705 9.374200155255854 0.34671314627063965 5.4204526209710515 6.612052918277996 0.6585715680850412 85.76023356277396 